2020 04 01 2020.250  14   1.9  30  35
2020 04 02 2020.253  14   1.8  35  42
2020 04 03 2020.255  13   1.4  32  39
2020 04 04 2020.258  15   2.6  32  43
2020 04 05 2020.261   0   0.0  35  40
2020 04 06 2020.264   0   0.0  41  43
2020 04 07 2020.266   0   0.0  38  39
2020 04 08 2020.269   0   0.0  38  43
2020 04 09 2020.272   0   0.0  42  45
2020 04 10 2020.275   0   0.0  39  42
2020 04 11 2020.277   0   0.0  38  42
2020 04 12 2020.280   0   0.0  34  36
2020 04 13 2020.283   0   0.0  35  37
2020 04 14 2020.286   0   0.0  34  37
2020 04 15 2020.288   0   0.0  37  41
2020 04 16 2020.291   0   0.0  36  40
2020 04 17 2020.294   0   0.0  33  35
2020 04 18 2020.296   0   0.0  33  35
2020 04 19 2020.299   0   0.0  33  34
2020 04 20 2020.302   0   0.0  34  36
2020 04 21 2020.305   0   0.0  30  33
2020 04 22 2020.307   0   0.0  37  39
2020 04 23 2020.310   0   0.0  36  39
2020 04 24 2020.313   0   0.0  36  39
2020 04 25 2020.316   7   6.0  35  38
2020 04 26 2020.318  14   2.1  30  39
2020 04 27 2020.321  29   4.4  29  42
2020 04 28 2020.324  11  11.7  20  24
2020 04 29 2020.327  24   2.7  16  20
