1965 16.9304
1965.09 16.939
1965.16 17.0348
1965.25 17.1576
1965.33 17.1394
1965.41 16.8804
1965.5 16.8025
1965.58 16.766
1965.67 16.8247
1965.75 16.8916
1965.83 16.9901
1965.92 17.0691
1966 16.9533
1966.09 16.9283
1966.16 16.7976
1966.25 16.6793
1966.33 16.7985
1966.41 16.5349
1966.5 16.4196
1966.58 16.4512
1966.67 15.8479
1966.75 16.1895
1966.83 16.3684
1966.92 16.2323
1967 16.0888
1967.09 16.0311
1967.16 16.1403
1967.25 16.037
1967.33 15.8563
1967.41 15.7012
1967.5 15.8463
1967.58 15.6024
1967.67 15.6945
1967.75 15.7112
1967.83 15.5555
1967.92 15.5414
1968 15.6376
1968.09 15.6028
1968.16 15.5309
1968.25 15.6536
1968.33 15.4546
1968.42 15.2436
1968.5 15.27
1968.58 15.3394
1968.67 15.2324
1968.75 15.0546
1968.84 14.667
1968.92 14.8181
1969 15.216
1969.09 15.3082
1969.16 15.1825
1969.25 15.1253
1969.33 14.6817
1969.41 14.4968
1969.5 14.8078
1969.58 15.1405
1969.67 15.3116
1969.75 15.3721
1969.83 15.3771
1969.92 15.38
1970 15.3371
1970.09 15.4318
1970.16 15.4667
1970.25 15.2859
1970.33 15.2542
1970.41 14.8436
1970.5 14.9262
1970.58 15.1594
1970.67 15.4244
1970.75 15.4543
1970.83 15.2156
1970.92 15.6681
1971 15.6365
1971.09 15.926
1971.16 15.9377
1971.25 15.9955
1971.33 16.0954
1971.41 16.3993
1971.5 16.3929
1971.58 16.4455
1971.67 16.4114
1971.75 16.5363
1971.83 16.4874
1971.92 16.4707
1972 16.4232
1972.09 16.4196
1972.16 16.6095
1972.25 16.6812
1972.33 16.5585
1972.42 16.3231
1972.5 16.6086
1972.58 15.5671
1972.67 16.2927
1972.75 16.3494
1972.84 16.2789
1972.92 16.3047
1973 16.3348
1973.09 16.3115
1973.16 16.2226
1973.25 15.9509
1973.33 15.7212
1973.41 16.0832
1973.5 16.1879
1973.58 16.3054
1973.67 16.4879
1973.75 16.4913
1973.83 16.5145
1973.92 16.5322
1974 16.5354
1974.09 16.6232
1974.16 16.4821
1974.25 16.3889
1974.33 16.0594
1974.41 15.8854
1974.5 15.6901
1974.58 15.9554
1974.67 15.7502
1974.75 15.836
1974.83 15.9562
1974.92 16.2515
1975 16.2459
1975.09 16.3941
1975.16 16.455
1975.25 16.5541
1975.33 16.5383
1975.41 16.5894
1975.5 16.5571
1975.58 16.448
1975.67 16.4639
1975.75 16.46
1975.83 16.3328
1975.92 16.4243
1976 16.437
1976.09 16.4682
1976.16 16.4904
1976.25 16.4116
1976.33 16.4975
1976.42 16.4731
1976.5 16.5337
1976.58 16.5372
1976.67 16.5614
1976.75 16.5472
1976.84 16.5507
1976.92 16.518
1977 16.4963
1977.09 16.4837
1977.16 16.5134
1977.25 16.537
1977.33 16.5125
1977.41 16.3889
1977.5 16.1861
1977.58 16.2421
1977.67 16.2455
1977.75 16.4534
1977.83 16.5461
1977.92 16.5228
1978 16.268
1978.09 16.1929
1978.16 16.1627
1978.25 15.8418
1978.33 15.5775
1978.41 15.7932
1978.5 15.8648
1978.58 16.2475
1978.67 16.2139
1978.75 15.9151
1978.83 16.0792
1978.92 16.0589
1979 15.8568
1979.09 15.7239
1979.16 15.5695
1979.25 15.2167
1979.33 15.3381
1979.41 14.9223
1979.5 15.0001
1979.58 14.6525
1979.67 14.844
1979.75 15.1367
1979.83 15.1336
1979.92 15.4915
1980 15.3449
1980.09 15.2445
1980.16 15.4618
1980.25 15.1499
1980.33 15.1382
1980.42 14.7354
1980.5 14.769
1980.58 14.9062
1980.67 14.8561
1980.75 14.5632
1980.84 14.3074
1980.92 14.3376
1981 14.8849
1981.09 14.5468
1981.16 14.5113
1981.25 14.3092
1981.33 14.0904
1981.41 14.5544
1981.5 14.7341
1981.58 14.7688
1981.67 14.9038
1981.75 14.3247
1981.83 14.4282
1981.92 14.8105
1982 15.0619
1982.09 14.5121
1982.16 14.9972
1982.25 15.0913
1982.33 15.2037
1982.41 14.3442
1982.5 13.6377
1982.58 13.7202
1982.67 13.3802
1982.75 13.8507
1982.83 14.0682
1982.92 13.7272
1983 14.0752
1983.09 14.3938
1983.16 14.6942
1983.25 14.7207
1983.33 14.1717
1983.41 14.4793
1983.5 14.8103
1983.58 14.7503
1983.67 14.8443
1983.75 14.9159
1983.83 15.0262
1983.92 15.0293
1984 15.4026
1984.09 15.2674
1984.16 15.0507
1984.25 14.9269
1984.33 14.4472
1984.42 14.7398
1984.5 14.8779
1984.58 15.0905
1984.67 15.1834
1984.75 15.2107
1984.84 15.1358
1984.92 15.227
1985 15.3749
1985.09 15.6321
1985.16 15.7166
1985.25 15.8813
1985.33 15.8947
1985.41 16.168
1985.5 16.2118
1985.58 16.2134
1985.67 16.3398
1985.75 16.2887
1985.83 16.3501
1985.92 16.3027
1986 16.3147
1986.09 15.9851
1986.16 16.2479
1986.25 16.549
1986.33 16.6423
1986.41 16.7041
1986.5 16.7111
1986.58 16.7131
1986.67 16.6727
1986.75 16.7397
1986.83 16.4918
1986.92 16.6943
1987 16.8746
1987.09 16.9848
1987.16 16.9922
1987.25 16.9099
1987.33 16.8055
1987.41 16.5701
1987.5 16.4918
1987.58 16.3498
1987.67 16.1818
1987.75 16.1963
1987.83 15.9713
1987.92 15.9652
1988 15.6765
1988.09 15.7397
1988.16 15.7636
1988.25 15.7143
1988.33 15.7796
1988.42 15.7046
1988.5 15.4254
1988.58 15.3535
1988.67 15.4225
1988.75 15.3275
1988.84 15.2548
1988.92 14.9517
1989 14.6806
1989.09 14.651
1989.16 13.7639
1989.25 13.9133
1989.33 13.5899
1989.41 13.7558
1989.5 14.2566
1989.58 13.9611
1989.67 13.683
1989.75 13.1892
1989.83 13.0275
1989.92 13.3283
1990 13.6641
1990.09 13.7857
1990.16 13.5793
1990.25 13.1743
1990.33 13.0892
1990.41 13.2409
1990.5 13.6973
1990.58 13.622
1990.67 13.8748
1990.75 14.2246
1990.83 14.4256
1990.92 14.4014
1991 14.7878
1991.09 14.7622
1991.16 13.5544
1991.25 13.7201
1991.33 13.8011
1991.41 11.9242
1991.5 12.0915
1991.58 13.0808
1991.67 13.7883
1991.75 13.9308
1991.83 13.9139
1991.92 14.1802
1992 14.2737
1992.09 14.1483
1992.16 14.497
1992.25 14.9343
1992.33 14.7861
1992.42 15.138
1992.5 15.4295
1992.58 15.3736
1992.67 15.2449
1992.75 15.4315
1992.84 15.367
1992.92 15.6115
1993 15.5143
1993.09 15.5002
1993.16 15.3464
1993.25 15.5682
1993.33 15.6248
1993.41 15.6959
1993.5 15.7001
1993.58 15.7075
1993.67 15.8037
1993.75 15.8126
1993.83 15.8824
1993.92 15.8235
1994 15.8456
1994.09 15.6708
1994.16 15.6343
1994.25 15.6215
1994.33 15.7066
1994.41 15.7222
1994.5 15.8186
1994.58 15.9055
1994.67 16.0091
1994.75 15.9892
1994.83 15.9757
1994.92 15.9527
1995 16.0697
1995.09 16.1316
1995.16 16.0475
1995.25 16.123
1995.33 16.1581
1995.41 16.0909
1995.5 16.0699
1995.58 16.1014
1995.67 16.1636
1995.75 16.2122
1995.83 16.2109
1995.92 16.2098
1996 16.1658
1996.09 16.2663
1996.16 16.295
1996.25 16.3036
1996.33 16.2475
1996.42 16.2098
1996.5 16.2064
1996.58 16.185
1996.67 16.1584
1996.75 16.0823
1996.84 16.052
1996.92 16.1208
1997 16.3364
1997.09 16.4171
1997.16 16.4193
1997.25 16.375
1997.33 16.4238
1997.41 16.3816
1997.5 16.3473
1997.58 16.4164
1997.67 16.3668
1997.75 16.307
1997.83 16.2717
1997.92 16.2751
1998 16.1739
1998.09 16.1825
1998.16 16.2389
1998.25 15.7742
1998.33 15.574
1998.41 15.5831
1998.5 15.7791
1998.58 15.5931
1998.67 15.8253
1998.75 15.9925
1998.83 15.8585
1998.92 15.6816
1999 15.4129
1999.09 15.3986
1999.16 15.4623
1999.25 15.5269
1999.33 15.4636
1999.41 15.6945
1999.5 15.7785
1999.58 15.3783
1999.67 15.0848
1999.75 14.9867
1999.83 14.9218
1999.92 14.8039
2000 14.9231
2000.09 14.7624
2000.16 14.4703
2000.25 14.5773
2000.33 14.1739
2000.42 13.8777
2000.5 13.5817
2000.58 13.9512
2000.67 14.1504
2000.75 14.5477
2000.84 14.0715
2000.92 14.2552
2001 14.5012
2001.09 14.8649
2001.16 15.0507
2001.25 14.0535
2001.33 14.4523
2001.41 14.6165
2001.5 14.6885
2001.58 14.3497
2001.67 14.3479
2001.75 14.2028
2001.83 14.5246
2001.92 14.5601
2002 14.0676
2002.09 14.5696
2002.16 14.3396
2002.25 14.3201
2002.33 14.3063
2002.41 14.4039
2002.5 14.1329
2002.58 13.82
2002.67 14.0969
2002.75 14.2371
2002.83 13.9315
2002.92 14.0504
2003 14.626
2003.09 14.5716
2003.16 14.6586
2003.25 14.5503
2003.33 14.4361
2003.41 14.0265
2003.5 14.3955
2003.58 14.551
2003.67 14.6786
2003.75 14.3552
2003.83 13.4826
2003.92 14.6007
2004 14.4894
2004.09 14.9961
2004.16 15.2837
2004.25 15.3743
2004.33 15.5338
2004.42 15.5092
2004.5 15.3084
2004.58 15.4271
2004.67 15.5445
2004.75 15.8957
2004.84 15.5205
2004.92 15.6539
2005 14.9308
2005.09 15.4725
2005.16 15.5686
2005.25 15.661
2005.33 15.3252
2005.41 15.5418
2005.5 15.395
2005.58 15.2952
2005.67 14.8381
2005.75 15.623
2005.83 15.8588
2005.92 15.8854
2006 15.9621
2006.09 16.1906
2006.16 16.3135
2006.25 16.338
2006.33 16.3421
2006.41 16.3249
2006.5 16.2294
2006.58 16.2418
2006.67 16.2468
2006.75 16.4105
2006.83 16.3959
2006.92 16.1746
2007 16.5356
2007.09 16.5043
2007.16 16.5811
2007.25 16.6795
2007.33 16.6669
2007.41 16.6632
2007.5 16.6255
2007.58 16.591
2007.67 16.6139
2007.75 16.6526
2007.83 16.6286
2007.92 16.6802
2008 16.6384
2008.09 16.612
2008.16 16.6169
2008.25 16.6655
2008.33 16.6207
2008.42 16.5983
2008.5 16.6428
2008.58 16.7081
2008.67 16.7162
2008.75 16.7563
2008.84 16.8127
2008.92 16.8959
2009 16.9547
2009.09 17.0639
2009.16 17.0943
2009.25 17.1256
2009.33 17.1465
2009.41 17.0966
2009.5 17.1029
2009.58 17.0628
2009.67 17.0651
2009.75 17.0949
2009.83 17.1034
2009.92 17.138
2010 17.0943
2010.09 16.9118
2010.16 16.7664
2010.25 16.6028
2010.33 16.672
2010.41 16.5928
2010.5 16.6019
2010.58 16.5632
2010.67 16.5495
2010.75 16.624
2010.83 16.5365
2010.92 16.5089
2011 16.6471
2011.09 16.6632
2011.16 16.4553
2011.25 16.1062
2011.33 16.3174
2011.41 15.8659
2011.5 16.0495
2011.58 16.0956
2011.67 16.0655
2011.75 16.0035
2011.83 16.185
2011.92 16.4148
2012 16.3092
2012.09 16.1199
2012.16 15.6752
2012.25 16.2321
2012.33 16.1795
2012.42 15.9766
2012.5 15.4576
2012.58 15.6066
2012.67 15.8525
2012.75 15.8195
2012.84 15.8881
2012.92 15.9851
2013 16.1543
2013.09 16.1654
2013.16 15.9075
2013.25 15.9243
2013.33 15.4705
2013.41 15.4933
2013.5 15.6314
2013.58 15.7133
2013.67 15.7282
2013.75 15.9361
2013.83 15.8585
2013.92 15.7066
2014 15.6955
2014.09 15.4275
2014.16 15.5442
2014.25 15.6308
2014.33 15.7767
2014.41 15.4654
2014.5 15.5857
2014.58 15.7595
2014.67 15.5201
2014.75 15.5032
2014.83 15.4107
2014.92 15.1085
2015 15.4123
2015.09 15.4506
2015.16 15.2021
2015.25 15.3604
2015.33 15.5462
2015.41 15.453
2015.5 15.7026
2015.58 15.7035
2015.67 15.6806
2015.75 15.7121
2015.83 15.7734
2015.92 15.8939
2016 16.1215
2016.09 16.3047
2016.16 16.2441
2016.25 16.184
2016.33 16.2414
2016.42 16.2882
2016.5 16.2419
2016.58 16.3552
2016.67 16.3661
2016.75 16.5011
2016.84 16.6193
2016.92 16.651
2017 16.7429
2017.09 16.796
2017.16 16.8518
2017.25 16.6929
2017.33 16.6758
2017.41 16.7023
2017.5 16.5673
2017.58 16.4264
2017.67 16.3955
2017.75 16.5484
2017.83 16.7242
2017.92 16.772
2018 16.8286
2018.09 16.8588
2018.16 16.825
2018.25 16.8512
2018.33 16.828
2018.41 16.8446
2018.5 16.8495
2018.58 16.8562
2018.67 16.8737
2018.75 16.893
2018.83 16.8862
2018.92 16.9002
2019 16.9016
2019.09 16.9295
2019.16 16.9383
2019.25 16.9137
2019.25 16.9137
