1965 439.619
1965.09 438.328
1965.16 423.974
1965.25 405.711
1965.33 408.411
1965.41 447.153
1965.5 458.948
1965.58 464.494
1965.67 455.583
1965.75 445.458
1965.83 430.66
1965.92 418.852
1966 436.17
1966.09 439.935
1966.16 459.696
1966.25 477.738
1966.33 459.563
1966.41 499.971
1966.5 517.887
1966.58 512.964
1966.67 609.047
1966.75 554.116
1966.83 525.904
1966.92 547.341
1967 570.172
1967.09 579.42
1967.16 561.952
1967.25 578.464
1967.33 607.69
1967.41 633.09
1967.5 609.313
1967.58 649.419
1967.67 634.198
1967.75 631.445
1967.83 657.23
1967.92 659.569
1968 643.597
1968.09 649.358
1968.16 661.332
1968.25 640.95
1968.33 674.091
1968.42 709.817
1968.5 705.325
1968.58 693.523
1968.67 711.723
1968.75 742.325
1968.84 810.543
1968.92 783.705
1969 714.539
1969.09 698.825
1969.16 720.278
1969.25 730.101
1969.33 807.916
1969.41 841.197
1969.5 785.522
1969.58 727.483
1969.67 698.235
1969.75 687.99
1969.83 687.156
1969.92 686.663
1970 693.926
1970.09 677.924
1970.16 672.07
1970.25 702.617
1970.33 708.007
1970.41 779.201
1970.5 764.69
1970.58 724.239
1970.67 679.183
1970.75 674.152
1970.83 714.602
1970.92 638.546
1971 643.778
1971.09 596.377
1971.16 594.474
1971.25 585.14
1971.33 569.106
1971.41 521.067
1971.5 522.072
1971.58 513.853
1971.67 519.169
1971.75 499.75
1971.83 507.338
1971.92 509.941
1972 517.33
1972.09 517.887
1972.16 488.456
1972.25 477.44
1972.33 496.314
1972.42 533.007
1972.5 488.593
1972.58 655.289
1972.67 537.799
1972.75 528.876
1972.84 539.974
1972.92 535.908
1973 531.179
1973.09 534.837
1973.16 548.876
1973.25 592.34
1973.33 629.801
1973.41 571.066
1973.5 554.373
1973.58 535.796
1973.67 507.255
1973.75 506.729
1973.83 503.139
1973.92 500.383
1974 499.888
1974.09 486.355
1974.16 508.168
1974.25 522.687
1974.33 574.876
1974.41 602.95
1974.5 634.917
1974.58 591.61
1974.67 625.028
1974.75 610.996
1974.83 591.493
1974.92 544.305
1975 545.184
1975.09 521.876
1975.16 512.381
1975.25 497.001
1975.33 499.448
1975.41 491.545
1975.5 496.534
1975.58 513.464
1975.67 510.994
1975.75 511.604
1975.83 531.488
1975.92 517.163
1976 515.187
1976.09 510.329
1976.16 506.868
1976.25 519.141
1976.33 505.762
1976.42 509.553
1976.5 500.163
1976.58 499.613
1976.67 495.875
1976.75 498.073
1976.84 497.523
1976.92 502.588
1977 505.955
1977.09 507.919
1977.16 503.305
1977.25 499.64
1977.33 503.443
1977.41 522.687
1977.5 554.658
1977.58 545.78
1977.67 545.241
1977.75 512.631
1977.83 498.238
1977.92 501.843
1978 541.699
1978.09 553.574
1978.16 558.372
1978.25 610.051
1978.33 653.562
1978.41 617.983
1978.5 606.305
1978.58 544.929
1978.67 550.241
1978.75 598.135
1978.83 571.7
1978.92 574.963
1979 607.602
1979.09 629.353
1979.16 654.895
1979.25 714.414
1979.33 693.74
1979.41 765.364
1979.5 751.783
1979.58 813.141
1979.67 779.136
1979.75 728.145
1979.83 728.681
1979.92 667.914
1980 692.595
1980.09 709.661
1980.16 672.896
1980.25 725.876
1980.33 727.893
1980.42 798.354
1980.5 792.384
1980.58 768.195
1980.67 777.001
1980.75 829.194
1980.84 875.817
1980.92 870.268
1981 771.932
1981.09 832.147
1981.16 838.565
1981.25 875.478
1981.33 916.155
1981.41 830.786
1981.5 798.582
1981.58 792.416
1981.67 768.613
1981.75 872.635
1981.83 853.671
1981.92 785.035
1982 741.055
1982.09 838.431
1982.16 752.294
1982.25 735.982
1982.33 716.638
1982.41 869.051
1982.5 1002.79
1982.58 986.744
1982.67 1053.63
1982.75 961.608
1982.83 920.332
1982.92 985.394
1983 919.02
1983.09 859.951
1983.16 805.685
1983.25 800.969
1983.33 900.961
1983.41 844.367
1983.5 785.068
1983.58 795.709
1983.67 779.072
1983.75 766.49
1983.83 747.255
1983.92 746.714
1984 682.842
1984.09 705.762
1984.16 742.992
1984.25 764.561
1984.33 850.219
1984.42 797.57
1984.5 773.158
1984.58 736.109
1984.67 720.121
1984.75 715.447
1984.84 728.303
1984.92 712.662
1985 687.527
1985.09 644.501
1985.16 630.548
1985.25 603.626
1985.33 601.451
1985.41 557.543
1985.5 550.582
1985.58 550.326
1985.67 530.392
1985.75 538.42
1985.83 528.764
1985.92 536.219
1986 534.33
1986.09 586.828
1986.16 544.872
1986.25 497.798
1986.33 483.413
1986.41 473.949
1986.5 472.868
1986.58 472.571
1986.67 478.741
1986.75 468.5
1986.83 506.647
1986.92 475.436
1987 448.028
1987.09 431.446
1987.16 430.346
1987.25 442.707
1987.33 458.493
1987.41 494.531
1987.5 506.647
1987.58 528.82
1987.67 555.343
1987.75 553.032
1987.83 589.042
1987.92 590.034
1988 637.166
1988.09 626.757
1988.16 622.825
1988.25 630.937
1988.33 620.209
1988.42 632.522
1988.5 678.999
1988.58 691.141
1988.67 679.49
1988.75 695.537
1988.84 707.913
1988.92 760.228
1989 808.113
1989.09 813.404
1989.16 978.301
1989.25 949.646
1989.33 1012.14
1989.41 979.86
1989.5 885.187
1989.58 940.566
1989.67 993.969
1989.75 1092.1
1989.83 1125.2
1989.92 1064.02
1990 997.643
1990.09 974.09
1990.16 1014.23
1990.25 1095.14
1990.33 1112.51
1990.41 1081.63
1990.5 991.191
1990.58 1005.87
1990.67 957.006
1990.75 891.115
1990.83 854.14
1990.92 858.573
1991 789.064
1991.09 793.589
1991.16 1019.12
1991.25 986.78
1991.33 971.123
1991.41 1365.1
1991.5 1327.04
1991.58 1114.23
1991.67 973.596
1991.75 946.324
1991.83 949.541
1991.92 899.385
1992 882.025
1992.09 905.316
1992.16 841.164
1992.25 763.276
1992.33 789.357
1992.42 727.925
1992.5 678.323
1992.58 687.743
1992.67 709.599
1992.75 677.985
1992.84 688.854
1992.92 647.909
1993 664.102
1993.09 666.449
1993.16 692.347
1993.25 655.108
1993.33 645.707
1993.41 633.959
1993.5 633.27
1993.58 632.043
1993.67 616.263
1993.75 614.811
1993.83 603.45
1993.92 613.036
1994 609.431
1994.09 638.096
1994.16 644.14
1994.25 646.249
1994.33 632.193
1994.41 629.622
1994.5 613.835
1994.58 599.689
1994.67 582.96
1994.75 586.159
1994.83 588.343
1994.92 592.048
1995 573.23
1995.09 563.328
1995.16 576.785
1995.25 564.706
1995.33 559.116
1995.41 569.826
1995.5 573.201
1995.58 568.156
1995.67 558.229
1995.75 550.525
1995.83 550.725
1995.92 550.896
1996 557.886
1996.09 541.954
1996.16 537.432
1996.25 536.078
1996.33 544.929
1996.42 550.896
1996.5 551.437
1996.58 554.829
1996.67 559.059
1996.75 571.21
1996.84 576.062
1996.92 565.051
1997 530.926
1997.09 518.277
1997.16 517.943
1997.25 524.868
1997.33 517.247
1997.41 523.833
1997.5 529.213
1997.58 518.389
1997.67 526.156
1997.75 535.542
1997.83 541.105
1997.92 540.567
1998 556.6
1998.09 555.229
1998.16 546.29
1998.25 621.101
1998.33 654.138
1998.41 652.624
1998.5 620.298
1998.58 650.96
1998.67 612.74
1998.75 585.635
1998.83 607.337
1998.92 636.326
1999 681.119
1999.09 683.519
1999.16 672.805
1999.25 662.001
1999.33 672.59
1999.41 634.198
1999.5 620.387
1999.58 686.94
1999.67 737.09
1999.75 754.115
1999.83 765.461
1999.92 786.204
2000 765.236
2000.09 793.557
2000.16 846.004
2000.25 826.642
2000.33 900.55
2000.42 956.444
2000.5 1013.76
2000.58 942.449
2000.67 904.939
2000.75 831.981
2000.84 919.71
2000.92 885.459
2001 840.397
2001.09 775.45
2001.16 742.992
2001.25 923.098
2001.33 849.282
2001.41 819.6
2001.5 806.702
2001.58 868.038
2001.67 868.376
2001.75 895.178
2001.83 836.168
2001.92 829.757
2002 920.436
2002.09 828.034
2002.16 869.896
2002.25 873.48
2002.33 876.02
2002.41 858.102
2002.5 908.202
2002.58 967.489
2002.67 914.948
2002.75 888.796
2002.83 946.184
2002.92 923.687
2003 817.884
2003.09 827.669
2003.16 812.055
2003.25 831.516
2003.33 852.229
2003.41 928.19
2003.5 859.648
2003.58 831.383
2003.67 808.474
2003.75 867.026
2003.83 1033.27
2003.92 822.441
2004 842.531
2004.09 752.485
2004.16 702.99
2004.25 687.619
2004.33 660.845
2004.42 664.955
2004.5 698.794
2004.58 678.722
2004.67 659.052
2004.75 601.275
2004.84 663.066
2004.92 640.89
2005 763.886
2005.09 671.091
2005.16 655.047
2005.25 639.717
2005.33 695.94
2005.41 659.508
2005.5 684.135
2005.58 701.031
2005.67 780.172
2005.75 646.008
2005.83 607.278
2005.92 602.95
2006 590.53
2006.09 553.945
2006.16 534.528
2006.25 530.673
2006.33 530.027
2006.41 532.726
2006.5 547.796
2006.58 545.836
2006.67 545.042
2006.75 519.309
2006.83 521.597
2006.92 556.485
2007 499.86
2007.09 504.712
2007.16 492.832
2007.25 477.711
2007.33 479.636
2007.41 480.206
2007.5 486.001
2007.58 491.299
2007.67 487.774
2007.75 481.836
2007.83 485.51
2007.92 477.602
2008 484.012
2008.09 488.074
2008.16 487.31
2008.25 479.853
2008.33 486.737
2008.42 490.178
2008.5 483.332
2008.58 473.327
2008.67 472.085
2008.75 465.971
2008.84 457.398
2008.92 444.822
2009 435.96
2009.09 419.63
2009.16 415.095
2009.25 410.446
2009.33 407.356
2009.41 414.758
2009.5 413.827
2009.58 419.786
2009.67 419.449
2009.75 415.017
2009.83 413.75
2009.92 408.617
2010 415.095
2010.09 442.416
2010.16 464.44
2010.25 489.494
2010.33 478.85
2010.41 491.025
2010.5 489.631
2010.58 495.601
2010.67 497.715
2010.75 486.219
2010.83 499.723
2010.92 503.995
2011 482.679
2011.09 480.206
2011.16 512.326
2011.25 567.379
2011.33 533.908
2011.41 606.128
2011.5 576.467
2011.58 569.078
2011.67 573.894
2011.75 583.861
2011.83 554.829
2011.92 518.64
2012 535.204
2012.09 565.195
2012.16 637.376
2012.25 547.369
2012.33 555.714
2012.42 588.197
2012.5 673.601
2012.58 648.724
2012.67 608.31
2012.75 613.687
2012.84 602.509
2012.92 586.828
2013 559.717
2013.09 557.943
2013.16 599.367
2013.25 596.64
2013.33 671.428
2013.41 667.608
2013.5 644.622
2013.58 631.086
2013.67 628.637
2013.75 594.738
2013.83 607.337
2013.92 632.193
2014 634.018
2014.09 678.661
2014.16 659.113
2014.25 644.712
2014.33 620.685
2014.41 672.284
2014.5 652.2
2014.58 623.51
2014.67 663.127
2014.75 665.961
2014.83 681.488
2014.92 733.008
2015 681.211
2015.09 674.765
2015.16 716.92
2015.25 689.966
2015.33 658.779
2015.41 674.366
2015.5 632.851
2015.58 632.701
2015.67 636.476
2015.75 631.296
2015.83 621.22
2015.92 601.569
2016 564.936
2016.09 535.908
2016.16 545.468
2016.25 555
2016.33 545.893
2016.42 538.504
2016.5 545.808
2016.58 527.978
2016.67 526.269
2016.75 505.209
2016.84 486.955
2016.92 482.081
2017 468.015
2017.09 459.937
2017.16 451.481
2017.25 475.653
2017.33 478.28
2017.41 474.219
2017.5 494.97
2017.58 516.829
2017.67 521.653
2017.75 497.88
2017.83 470.871
2017.92 463.581
2018 454.996
2018.09 450.418
2018.16 455.529
2018.25 451.561
2018.33 455.076
2018.41 452.572
2018.5 451.827
2018.58 450.816
2018.67 448.161
2018.75 445.246
2018.83 446.279
2018.92 444.161
2019 443.949
2019.09 439.751
2019.16 438.433
2019.25 442.126
2019.25 442.126
